   1   3   1   0  0.8535574E+02  0.2000000E+04
  CAR 
 unknown system                          
   0   0   0
   1   1
 256 256 256
 256
  0.1000000E-09
  0.6250000E-11
   1
  0.1000000E-14  0.6350160E-09  0.6350160E-09  0.6350160E-09
  0.1724072E+04  0.1724072E+04
  0.000
  0.000
  0.000
  0.000
  0.000
  0.000
  0.000
  0.000
  0.000
  0.000
  0.000
  0.000
  0.000
  0.000
 49.382
 46.305
 42.907
 12.715
  0.000
  0.000
  0.000
  0.000
  4.396
  7.052
  5.870
  5.134
  6.074
  1.717
  0.000
  0.000
  0.000
  0.000
  0.000
  0.000
  0.000
  0.000
  0.000
  0.000
  0.000
  0.000
  0.000
  0.000
  0.000
  0.000
  0.000
  0.000
  0.000
  0.000
  0.000
  0.000
  0.000
  0.000
  0.000
  0.000
  0.000
  0.000
  0.000
  0.000
  0.000
  0.000
  0.000
  0.000
  0.000
  0.000
  0.000
  0.000
  0.000
  0.000
  0.000
  0.000
  0.000
  0.000
  0.000
  0.000
  0.167
  0.130
  0.222
  0.432
  0.421
  0.323
  0.114
  0.307
  0.491
  0.053
  0.286
  1.015
  1.091
  1.308
  0.900
  0.625
  0.611
  0.354
  0.369
  0.743
  0.478
  0.346
  0.438
  0.546
  0.440
  0.412
  0.349
  0.360
  6.691
  1.177
  3.193
  0.850
  0.262
  0.498
  0.536
  0.278
  0.441
  0.448
  0.220
  0.547
  0.608
  0.653
  0.752
  0.739
  0.462
  0.377
  0.281
  0.188
  0.272
  0.304
  0.359
  0.247
  0.464
  0.958
  1.033
  0.829
  0.762
  0.504
  1.310
  1.769
  1.579
  1.041
  1.015
  0.804
  0.986
  0.724
  0.911
  0.806
  0.740
  0.703
  0.666
  0.832
  0.596
  0.673
  0.950
  0.631
  0.934
  0.582
  1.148
  1.141
  1.274
  1.335
  0.863
  0.852
  0.797
  0.569
  0.835
  0.398
  0.604
  0.881
  1.049
  0.569
  0.703
  0.555
  0.431
  0.549
  0.402
  0.277
  0.399
  0.333
  0.317
  0.301
  0.286
  0.371
  0.361
  0.328
  0.478
  0.355
  0.401
  0.529
  0.251
  0.410
  0.725
  0.897
  0.934
  0.656
  0.281
  0.187
  0.285
  0.228
  0.319
  0.296
  0.231
  0.238
  0.179
  0.126
  0.129
  0.183
  0.185
  2.047
  1.189
  0.343
  0.291
  0.228
  0.282
  0.389
  0.385
  0.431
  0.904
  0.798
  0.915
  0.719
  0.661
  0.914
  0.730
  0.828
  1.125
  1.100
  0.865
  0.843
  0.788
  0.981
  0.853
  0.939
  1.002
  0.778
  0.789
  0.893
  0.968
  1.235
  1.568
  1.692
  1.127
  1.121
  1.298
  1.226
  1.594
  1.409
  1.243
  0.838
  0.689
  0.591
  0.775
  0.687
  0.634
  0.647
  0.638
  0.628
  0.602
  0.522
  0.596
  0.517
