    2    3    6
  16.000   1.000
    1    1  0.0200  0.0000  0.0000
 -0.820797   0.000000  -0.000000
  0.410399  -0.368434   0.000000
  0.410399   0.368434   0.000000
    1    2  0.0000  0.0200  0.0000
 -0.000003  -1.249460   0.000000
 -0.484911   0.624750  -0.000000
  0.484914   0.624710  -0.000000
    2    1  0.0200  0.0000  0.0000
  0.408906  -0.484035   0.000000
 -0.392230   0.426150  -0.000000
 -0.016676   0.057884  -0.000000
    2    2  0.0000  0.0200  0.0000
 -0.369212   0.623230  -0.000000
  0.427031  -0.680779   0.000000
 -0.057819   0.057549   0.000000
    3    1  0.0200  0.0000  0.0000
  0.408855   0.484093   0.000000
 -0.016620  -0.057925  -0.000000
 -0.392235  -0.426168   0.000000
    3    2  0.0000  0.0200  0.0000
  0.369924   0.623749  -0.000000
  0.057776   0.057915  -0.000000
 -0.427700  -0.681664   0.000000
